Adam: 30 0 34 25 21 17 2 28 1 18 15 10 11 14 4 19 27 32 6 23 33 13 7 3 8
Brian: 25 6 20 14 16 8 4 17 28 0 22 9 12 3 13 11 29 2 10 5 24
Carlos: 26 11 32 34 28 9 17 19 30 1 24 21 20 2 18 25 6 7 29
David: 17 2 5 24 11 6 23 20 19 21 8 32 26 30 22 29
Ethan: 24 8 32 14 20 15 17 21 23 33 1 22 2 27 25 11 9 6 12 30 10 7 29
Frank: 13 27 25 32 28 34 4 22 12 33 23 11 31 7 30 15 18 17 8 29
George: 17 7 30 10 16 2 8 25 14 21 12 9 19 13 3 27
Henry: 13 14 7 22 23 17 16 28 25 34 8 5 0 9 21
Ivan: 10 29 26 0 34 32 9 11 24 3 15 19 12 17 5 16
James: 30 4 26 17 5 22 19 2 15 33 28 8 13 31 16 3 23 18 27 25
Kevin: 2 12 17 34 11 23 21 3 16 10 7 0 20 14 18 25 19 27
Liam: 29 21 28 4 30 32 16 2 15 8 17 3 1 7 10 0 14 6
Marcus: 15 31 33 8 20 19 6 1 28 14 11 30 34 3 22 29 26 12 21 10 27 23 13 24
Nathan: 5 1 24 2 0 11 13 29 8 14 27 30 3 7 31 25 21 33 17 20 26 28
Oscar: 17 15 31 10 6 27 24 25 3 9 14 13 4 0 12 8 34 22
Paul: 1 32 19 5 34 30 22 25 2 16 20 15 33 26 18 3 7 27
Quinn: 16 6 25 7 2 12 8 29 24 21 14 18 9 31 15 34 13 10 5 4 28
Robert: 29 6 9 16 0 32 2 17 25 11 5 4 8 31 7 14
Samuel: 21 19 9 8 26 17 6 3 4 34 30 29 20 0 18 27 33 15 23 10 7 28 25
Thomas: 0 20 10 4 34 23 17 2 27 13 5 32 14 8 24
Ulric: 9 10 17 28 27 4 24 29 18 7 32 5 30 6 21 26 1 31 11 19 0 13 33
Victor: 0 10 15 29 23 20 26 30 12 21 5 25 9 28 8 31 3 7 17 27 1 22 13
Walter: 21 8 22 20 29 19 0 10 14 11 26 24 6 2 12 7 17 16
Xavier: 11 27 6 29 25 34 8 10 31 16 1 12 7 18 3 32 23 13 19 26
Yusuf: 12 23 9 19 27 28 21 16 10 34 0 3 2 13 22
Zachary: 19 32 21 17 34 4 3 13 12 24 9 0 28 11 15 23 5 29 6 26 20 25 31 30 18
Aaron: 25 10 23 16 20 31 6 15 22 28 14 26 29 7 32 34 0 30 3 21 5 9 12 17 2
Benjamin: 25 12 23 18 20 4 15 6 28 34 22 29 7 30 13
Christopher: 26 6 14 25 22 32 4 17 1 16 7 27 31 5 3 0 21
Daniel: 8 14 21 17 11 7 27 20 34 16 31 19 28 15 22 24 32 1 23 18 26 5 29
Edward: 27 6 7 20 2 12 28 4 13 26 22 14 10 33 17 21 19 30 15
Frederick: 29 34 31 22 0 9 18 7 32 11 30 13 12 3 24 33 26 28 23 27 15
Gabriel: 27 14 21 31 29 24 2 12 1 10 28 26 19 0 17 5 23 4 25
Harold: 21 32 2 0 15 13 24 29 30 12 28 1 6 11 17 34 33 10 22 5 8 23 27 3 14
Isaac: 15 33 14 6 19 12 3 34 18 8 29 21 7 4 1
Jonathan: 18 6 21 26 17 24 34 2 19 7 27 33 9 12 30 22 10 29 3 0
Kenneth: 12 11 4 0 3 13 23 9 5 24 25 7 2 22 14 8 34 27 33 20 15 28 16 10
Lawrence: 26 21 3 18 5 14 17 25 12 31 30 8 20 24 19 7 27 15 10 0 2 29
Michael: 26 13 30 32 7 29 34 17 21 22 15 19 14 31 16 0 25 2 23 6
Nicholas: 13 8 19 16 14 29 24 34 17 32 18 15 11 9 28 25 10 21 26
END
Alice: 0 31 17 32 19 11 14 22 18 21 24 25 38 1 35 10 28 20 13 36 37 8 33 26 7
Barbara: 21 2 20 12 15 0 11 4 29 13 33 32 34 23 28
Catherine: 37 10 30 19 17 35 3 9 38 15 36 4 6 24 0 33 22 13 2 26 16 1 32 11
Diana: 14 28 11 23 10 36 21 12 34 0 6 35 13 31 18 37 8 24 1 9 26 25 33 15
Eleanor: 17 16 18 5 9 11 30 25 1 32 0 36 20 14 34 28 27 19
Fiona: 13 1 26 17 25 8 16 33 3 29 36 15 28 32 37 19 21 9 7 20
Grace: 26 1 22 4 12 33 28 16 25 18 38 14 11 3 2 17 30 0 20 27 23 35 34
Hannah: 34 0 26 4 10 13 23 22 31 15 11 5 17 16 27 20 2 21 29 38 30 7 36 18 37 6 28 35
Iris: 1 36 6 11 39 13 7 9 0 5 33 29 4 19 3 17 22 21 16 12 37 18 23 34 14
Julia: 7 20 24 25 21 39 1 35 26 6 2 14 36 31 16 17 8 4 18
Karen: 37 26 10 1 24 11 14 21 16 35 22 33 23 32 36 8 30 6 18 0 39 19 4 20 12
Laura: 20 5 2 25 4 23 22 12 1 33 31 17 8 29 0 39 36 10 13 3
Monica: 37 5 35 30 31 12 6 33 32 24 27 16 4 26 22 10 34 14 23 1 25 21 8 36
Natalie: 30 25 16 24 12 1 33 21 31 36 27 23 14 9 39 7 19 6 13 38 5 20 0
Olivia: 30 33 28 26 4 32 34 10 17 6 0 7 12 13 22 19 29 38 16 36 37 39 11 14 1
Patricia: 8 0 33 5 14 39 30 16 34 12 4 9 15 36 37 21 31 29 11 18 38 27 25 26
Rachel: 9 24 6 8 38 16 1 26 10 28 39 11 23 29 15 36 17 22 7
Sarah: 9 8 20 32 7 21 14 18 30 6 33 28 10 35 3 39 37 1 17 22 4 0 5 38 29 19 11 13 25 26 2
Tina: 31 18 23 20 34 35 29 5 0 2 9 39 25 15 16 27 37 10
Uma: 32 8 15 30 0 20 34 9 23 22 38 12 2 24 3 6 37 29 18 35 10 25 39
Vanessa: 27 18 19 21 36 13 10 37 1 29 26 3 25 4 2 15 30 22 12
Wendy: 18 4 0 28 35 30 10 26 7 12 22 34 11 2 32 16 6 37 39 21 25 24 33 20 13 38 3 29
Xena: 26 22 1 12 33 14 28 36 31 15 27 35 24 29 4 9 21 7 38 5 3 30
Yvonne: 3 26 5 38 32 10 12 18 0 24 27 25 23 19 21 36 7 9 29 4 31 33
Zoe: 22 3 35 37 16 39 12 2 31 8 13 20 25 4 14 33 19 32 1 29 36
Angela: 2 13 38 0 21 17 36 23 25 9 4 6 1 39 10 26 32 16 15 28 37 5 27 14 7 18
Brenda: 3 37 32 23 9 29 2 21 12 30 28 20 38 8 39 15 31 22 13 18 26 35 25
Christine: 14 21 29 33 20 13 37 28 18 23 10 36 9 5 12 6 0 32 31 24 15 35 4 19 30
Donna: 1 18 16 0 12 32 33 26 39 20 30 24 36 9 11 31 7 5 13 29 25 27 21 2
Emma: 38 2 1 4 3 20 31 12 13 35 21 27 18 16 11 8 26 37 32 34 29 39 22 25 23 17 33 5
Faith: 9 3 12 33 6 25 2 11 27 35 18 30 20 38 5 26 0 13 31 21 4 37 15
Gloria: 38 28 25 31 21 29 14 23 37 26 12 32 16 20 5 17 13 9
Helen: 2 5 0 4 23 26 39 19 25 28 15 3 8 38 17 29 20 33 11 31
Irene: 13 0 4 30 15 35 5 18 33 31 34 9 36 20 12
Jennifer: 12 15 0 34 5 26 24 7 25 39 18 14 10 27 33 36 2 16 8 19 38 23 29 35 31
END
